Escaravelho-da-batata 
10 31
35 55
0.0 0.0 0.0 0.0 0.0 0.0 0.0 0.0 0.0 0.0 0.0 0.0 0.0 0.0 0.0 0.0 0.0 0.0 0.0 0.0 0.0 0.1 0.0 0.1 0.2 0.0 0.0
Lagarta-militar
18 32
50 85
1.0 1.0 1.0 1.0 1.0 1.0 1.0 1.0 1.0 1.0 1.0 1.0 0.8 0.8 1.0 1.0 0.8 1.0 0.8 1.0 1.0 1.0 1.0 1.0 1.0 0.9 0.9
Mosca-branca
12 28
45 90
1.0 1.0 1.0 0.6 1.0 0.7 1.0 1.0 1.0 1.0 1.0 1.0 0.5 0.5 1.0 0.4 0.2 0.4 0.7 1.0 0.7 0.4 0.6 0.6 0.8 0.8 0.8
Minador de folhas sul-americano
10 28
45 65
1.0 1.0 0.4 0.4 0.6 0.7 1.0 0.6 0.6 1.0 0.9 0.6 0.2 0.2 0.3 0.3 0.2 1.0 0.5 0.2 0.5 0.3 0.4 0.5 0.6 0.0 0.5
Minador de folhas de vegetais
18 33
55 85
0.7 0.5 1.0 1.0 1.0 0.5 0.3 0.4 0.2 0.3 0.1 1.0 0.7 0.7 1.0 0.9 1.0 1.0 0.8 0.4 0.4 0.3 0.4 0.6 0.4 0.2 0.4