10 10
-0.10991504453556901 -0.6687670639315286 -0.8013165840622603 -0.5337284891202649 -0.8457485369654602 -0.750205413051628 -0.28438923268180255 -0.10048599395031976 -0.34169433338084243 -0.6675386339387804 
-0.9513770533071473 -0.6409101004158855 -0.10849317668463225 -0.3341750612934389 -0.722749447090543 -0.6259251575075127 -0.1243782335182716 -0.29814534388291064 -0.863552092732542 -0.7476815151873303 
0.24960475048302472 -0.30689532413409376 -0.4734578049660318 -0.5211905165476052 -0.0992734873127148 0.1667490111743975 -0.44708452909834073 0.24571234492880578 0.08956417989363115 0.13967652536601224 
0.17550732760304605 0.71372576204072 0.7902173807474661 0.26857071222513706 0.263758089426168 0.37820761991485885 0.5911421153485302 1.018490623556763 0.2955848350807832 0.5190278753018085 
-0.5267812761590064 -0.04541606041779436 -0.18048452957937453 0.11860986201111685 -0.16545413539711445 0.14771495796782516 0.08865040666060717 -0.6872482114315716 -0.6751618594235815 -0.2295936666846385 
0.7346075133176634 0.5544903290515136 0.34047567960837555 0.19127803377859395 0.0677449193126735 0.8375954539826613 0.1336720767824308 1.0708221251530428 0.9911325961098836 0.5576868954501439 
-0.02990890343823581 -0.40879591006885513 -0.2829917037109646 0.0651313123830352 -0.09905503712146732 -0.6413900112034796 -0.0016020368856994474 -0.12081004023905703 -0.12813632403157194 -0.3405612461033865 
1.063009596160543 0.5910262091821453 0.10729745069110667 0.7622049379892734 0.3951873309522198 0.10509511705721002 0.7922164413282359 0.2638197363986407 0.35032087915993065 0.47175741046046993 
0.07433773760186269 -0.3564617735566947 0.1832753943909767 -0.44927762317667663 -0.2215485858663131 -0.12205496850203996 -0.4508030799933371 -0.24025790023561994 0.40677713936548626 -0.047388882093512365 
-0.5803226960750019 -1.189531915913109 -0.8132947505464402 -0.4263702592734313 -0.3139247172641393 -0.6101670368083738 -0.19491454235254468 -0.2740715803139162 -0.5934516524271913 -0.43104244841603695 
10 17
0.032370845570527634 0.29934908857775944 -0.19002570791444615 0.6026620049125686 0.07714484441488795 0.5661628635868698 -0.002905196041887262 0.703341879806286 0.16596721165023057 -0.25063598656169944 1.072964790940389 0.3580133508091643 1.1439095037301443 1.039646850494519 1.0171888215217768 -0.015012950509000962 -0.3965477330752369 
0.1695343136107523 0.6881619288670284 0.07477560711041345 0.8105677830808024 0.6283838508198926 0.7506745957098522 0.5774419476427687 0.06361067642903444 0.24316702462337533 0.044391385545206115 1.0585297262166349 0.9263685195069647 0.9471584421503664 0.8988332129756971 1.4040960050903246 -0.3567921862933368 -1.0431746660807502 
0.7137495521925314 0.8846455404844604 -0.01281187482225632 0.562123854446809 0.317750199569327 0.5469021926429535 0.1747950433312116 0.6365518313789941 0.16849672275959338 0.30985785096271934 0.8700777468482158 0.577096569900708 0.7811115477479087 1.1849747056473248 1.055583022470861 -0.708781635809447 -0.3955135684479091 
0.820865300764208 0.6309089367623333 0.08726852727455836 0.9861915838472775 0.7260584045259687 0.6475133248505087 -0.07629167952161515 0.3971412245219562 -0.1408965135285082 0.2931160847986959 0.36473987715784884 1.1947573700600138 1.1624345820731077 1.104761784908074 0.33630890425496013 -0.0253443289864984 -1.2383539913342063 
0.2977536841029876 0.5165616444818785 0.03284006486700992 0.6671177410100285 0.21943356902242422 0.6912349146958887 0.22014639975180889 0.32222047903669343 -0.14494686391990158 0.6381621002977305 0.7441285803584636 0.9954159297894731 1.3410721007604511 1.1770658054546588 1.0268606993300708 -0.22046505061127641 -0.9550130122684268 
0.5834887339515021 0.3209463577992816 0.45720833650194154 0.4673201299806387 0.717129060750491 0.7430367897344279 0.7161743078437809 0.08275883307124937 0.4077195852216636 0.006961272114241709 0.7792211899102688 0.9164118494831003 0.6671881579945701 1.356752064083015 0.526212775706913 -0.04221661721738097 -0.40946597510023214 
0.7818719696688129 0.189457725233925 0.9042146248782307 0.3957883670278433 1.0504218777367698 -0.04091627187442226 0.36672031393465376 -0.170974843197554 0.448786628739731 0.45473087985874194 0.9978354995311326 0.38914441159896473 0.6691727251792665 1.184209532640013 0.7768335710742555 -0.3017307620650808 -1.3153893016183458 
0.4884760888858568 0.46356393689155917 -0.0493816946057256 0.4777195828916776 0.3106508302944256 0.47094182502669235 0.2806346512197587 0.7282805277744555 0.7030180359028332 -0.03003944016801751 0.6557031693940362 0.9457779047724888 1.0539575127880667 0.7576985423855175 1.0481547663077115 0.06988701388207261 -0.7923141856158881 
0.05760120934900138 0.7020633857195675 0.702941687286339 -0.22315619169578443 0.24429069252755148 0.09612362264386562 0.16301079807407354 0.2266186575980918 0.36329704548212266 0.221042393203353 1.129375357033284 1.2326920695802401 0.7818430181830333 0.8875624635648012 0.9231034396423565 -0.15333831483366878 -0.15312989839206656 
0.7301722479710047 0.40008980894295837 0.2438489327578753 0.41636924308993317 0.5705236310332034 0.3196689527194573 0.7147979354134177 0.1794351329797397 0.49325926689318816 0.7969808741359274 0.5817197704574886 1.3157246713099344 0.9035202023578648 1.0155234619384508 0.6487158440700471 -0.06601518056439801 -0.9835792724534891 
10
1.5107774233610427 1.6045417286378687 1.717675702025392 1.759471072862442 1.1883403437108138 1.4433408096465612 1.6518175556740253 1.5037605006784656 0.7521941758432727 0.9905760809300641 
10
-0.8758306588728204 -0.5628345089150284 -0.7307317833415973 0.9637488279156562 0.019539720760034983 0.5002220914216298 -0.1829508073887675 1.0777765868200841 -0.5800393206861244 -0.5503743247229074 