10 10
-1.0097850157825519 -1.0026988046935745 -1.4478645775523424 -1.0815792857146647 -1.1657918016278936 -1.4267263471559999 -0.6014564836081941 -0.7407647818248494 -0.4333176362176711 -1.3028525004410796 
-1.0200560018326565 -1.4594938411221814 -1.2135767601876772 -1.0345178686066387 -1.1939665223538662 -1.4377882451765611 0.040856782413172386 -1.3561632707492666 -0.1253615147056094 -1.0363340282019973 
-0.1611911601444616 -1.768063174923372 0.04391288666908119 -0.6469096200420732 -0.3327102530108408 0.021844989421140534 2.4895027065564004 0.35312808231150866 -0.9695368686550441 -0.30269070830973166 
1.2884422594844638 0.754979048668647 1.285394297043163 0.6970111533710991 1.2667388240876991 1.5663042714627766 0.15966157873654702 1.2012664946682952 0.2860462722407944 0.7197897391343283 
0.18691834160189105 -0.6460406052445185 -0.2873193085759015 1.931904278245654 0.19539955312639368 -0.1897810721949301 -3.3667017496390153 -0.2320328573716112 -0.28630309096114653 -0.1350779094686539 
1.305044074692779 0.5623141908077186 1.2722211953586278 0.8143296141189957 1.1948974823588134 1.3892149164947405 0.5897621659625857 1.5956038713711003 0.17444167394332333 1.4673669944837888 
-0.33262937039622315 0.04021785117222232 0.10087255423986008 -2.1615812570405812 -0.2999919379791867 0.011755080382368879 1.0824078399927097 0.07534445226366565 -0.7532968537843752 0.3580898141708887 
1.0674189177191524 0.7540673674679023 1.4945778573832624 1.1565816917672505 1.4743112473029039 1.6034836659265141 -0.03846961401432211 1.1295430481978745 0.3774468977178781 0.8034832293667499 
-0.437493351437366 -1.5430277231093699 -0.46044273359012045 5.006263892096051 -0.11683297430672947 -0.04524811015968635 -3.805979919848965 0.11255279743784194 -0.6874850150251027 -0.23251004029572805 
-1.02466070656629 -1.174878413880098 -1.7027928532763446 -1.2007629970336053 -0.6559491503760106 -1.0929220769244852 -0.1588687600009156 -1.176840884861652 -0.11326233477311884 -1.5381298672977073 
10 32
0.10587594733352525 0.5088419451211659 0.324090238302673 0.02998301464281347 0.1540255031021772 0.5954107886055203 0.05584865145025255 0.3174148325048126 0.7975525124873408 0.18064488107514012 0.5502165450605907 0.32049468954196253 0.11015868007347131 0.6541015436552654 0.6215508943494285 0.6863172859873803 0.8704953678929832 1.0240014501867758 0.3095377487309764 0.42198759379585893 0.8510209008892837 0.8067418650558543 0.9898417289668099 0.2777992628489829 0.7229994292942844 1.2666042241008637 1.1945630687852695 1.2385401932270164 1.099167591391548 1.7716199637310104 0.06942324945157488 -1.1291978091652535 
-18.387526112906865 -16.652887103700476 -23.08629907542169 -30.71537156943602 -12.804635668924671 -8.597900567123068 -1.386681047453631 -1.7643845965334224 -20.884502647765963 8.875097952019793 13.161421609653209 18.323889073885994 10.95088673615972 19.346202881262297 13.642259675996831 11.425062934188471 8.399688337950941 -2.921185522011003 18.267376099740233 -6.193086084824931 -4.610742422596603 -1.7787872830643148 -2.0835698805784153 -4.340692376074433 -3.423145905557332 5.487751719884936 5.335683667908696 3.7371208465694146 3.7109370243483712 3.8004848531211755 6.4452997460095975 -12.195393912657954 
0.20070189634001037 0.071485789460009 0.45122069491686684 0.5497003347313384 -0.1670282658541867 0.48048763839159336 0.47682511950196943 0.39947842819486995 0.49461713979465854 0.5114499976278664 0.5511542834156817 0.7313512277488693 -0.002522242809661239 0.07389576495394386 0.7128779242113356 0.48082847147137686 0.8286937209208998 0.21223269505713224 0.33330321130807455 0.6327055839511038 0.5578444254885337 0.8047070749685732 0.5041300392997538 0.4477134655474487 0.3901504448989022 1.2221276313786793 1.0130517516938824 1.8087936760860948 1.7980911460558826 1.6881698793601956 -0.6077575446753808 -1.0809560775731213 
-3.8958462275930046 5.250012407838409 5.641959744961885 4.884747236266453 7.801977289254018 -7.822969286594434 -6.40415094279309 -6.652165738037595 -4.752742161562709 0.025037680241228176 18.786663485186185 15.24235578400956 14.084398129921261 13.889052996492117 10.690092297073809 4.350606459096612 3.713162645289636 2.384488186314549 2.276516507907751 -1.399791983153988 -2.111982986148683 -1.6593523611859398 -2.1677522592477514 -1.5608798190508122 -0.8300987843961849 0.20043909578475191 0.8093472953231172 0.6281692344144691 0.5127322166989564 0.737525525562578 0.6458140523949596 -0.5498803875004676 
0.4667802910573632 0.36303890035311415 0.07017941186083813 0.32238629273546326 0.5320120942941096 0.13517733427027973 0.27599846749279194 0.3153923006031261 0.7427958361963316 0.1691016484782221 0.4787626141385202 0.577750908389085 0.17701097486200082 0.4549893428893336 0.26918038625444013 0.6697665200811267 0.41956992923744435 0.19227491754422227 0.6472666511255095 0.16887627773362177 0.6485075594415989 0.7359153946305486 0.6706451194613635 0.6730656575218816 0.6500763306258791 1.71585546453356 1.676519218886795 0.9840426826602868 1.5238121840499865 1.5288720833162008 0.0838398093325602 -1.2214068315286768 
0.4527620279921579 0.09759728262152394 0.13637209814054868 0.25086135816147054 0.6729242364718399 0.3744715339036854 0.9840927019312976 0.1064263037293594 0.863686235799198 0.2257983455253845 0.2279783479466538 0.3200139576956582 0.6184180998530064 0.8333990457975469 -0.010072083342421287 0.8815234450938596 0.39606095830198357 0.6349088447383433 1.004006857908696 0.1830580202978305 0.5978246267279127 1.1632901832675386 0.8593442114954438 0.45617186020598827 0.4374855565253978 1.4563451682743513 1.1482336110164668 1.8985208717755058 1.2311092786424522 1.1081493843460442 -0.09730574618336527 -1.0252488893469844 
1.3020104216046473 6.43209506877864 8.485775707504306 9.33335265453337 1.0549506313475197 -3.124960303194521 -3.992619345341463 -6.399653886711463 -7.337269083992618 0.45561737199670355 17.350012280406247 15.482552765380692 14.476420930370864 13.520305009712239 17.919556482571608 2.974377625974401 2.8273410469156084 2.103098408527678 2.6025101486453943 -1.9262513720078456 -1.0906442383653305 -1.3131912569787019 -1.862169352997702 -2.096767351859537 -0.42115277341192053 0.11868144998755221 0.5259488588184857 0.6944250034230309 0.5953589226087938 0.33798687830785357 3.0716556244572746 2.1373036655310678 
0.4208306194970765 0.27543320004397326 0.412467759295902 0.7069608124059075 0.79806783968836 0.6867771340492493 0.8060615843637682 0.3696157681013394 0.9390237398376242 0.6729441973888961 -0.10708870799557818 0.004568938546335221 0.14207826714835092 0.04570311310650295 0.7609410051816682 0.1453225294457345 0.7384862121137243 0.2285342062224296 0.9262371387928863 0.13034283768386173 1.120642007080837 0.36489159300295027 0.3761812249387865 0.4588407341651582 0.2793086678647288 1.8780914615824296 1.8084143389361567 1.468997703375033 1.4120535827128913 0.9233537401514684 0.058072867723600215 -0.9631991806385731 
-12.294874748130473 5.686212114276997 2.018692472525734 6.33983895715974 10.341875988177106 -2.8548410289614505 -8.548398619498162 13.157190229750073 16.506427091783358 17.838669063791528 8.985691757152505 -0.9820660705334765 -0.5117798719778305 -1.2804073530753406 -9.799133541695399 3.0822784140137083 5.1267308409811605 -2.305602759263325 -7.135647299286845 0.7992276544475727 -7.255450032109866 -7.090527319697294 -5.662704019606505 -5.044503814301692 -4.752331501197421 -4.765936065595652 -2.4714721611506874 -2.501975388709592 -1.1161946184241796 -1.5474333967538043 -3.9785791474409713 14.592517103445177 
-0.19051831738935904 0.517028832236755 0.12837260958125776 0.025666805863748858 0.10872298051780636 0.21494848984673184 0.7799560422741844 0.02637058658195116 0.7950539293106488 0.8156121729224834 0.13262467696444238 -0.017051433790677646 -0.19002443287167703 0.10948710596899733 -0.04051929449345651 0.2054467594894152 0.3844378546545957 0.8337062369948438 0.8995567785041625 0.10437837168743468 0.9959843538643438 0.53715063803433 0.8741478228033652 0.7859415155912677 0.37408069645209296 1.663802304293544 1.507408360894152 1.1232640481175598 1.305091064419723 1.4692493632191583 -0.6473825931772949 -0.5443520422189184 
10
1.6553516340964016 -14.312397242612619 1.8144949528436147 -17.439661125297484 1.4324949777687086 1.7199919801779797 -20.35500075165249 1.5409671517453942 20.297666684877854 2.059821067519493 
10
-1.5585061089533245 -1.4214395216848787 0.21061589237184217 1.7162835799864773 0.3170591697977249 0.9645023087414427 -0.17411024983399023 1.3229640507453273 0.2822091574845393 -1.610866909177942 